"pm2.5","auto","cam_pas","cyc","moto","year","id_entmun"
451,206179,1325,2837,6127,2003-01-01,"09003"
1137,235053,1469,2858,6293,2004-01-01,"09003"
1195,250858,1885,3168,5318,2005-01-01,"09003"
1018,275716,1894,3517,7050,2006-01-01,"09003"
973,296046,1884,4125,9611,2007-01-01,"09003"
1034,292764,1748,4075,11879,2008-01-01,"09003"
1146,309397,1728,4578,12604,2009-01-01,"09003"
880,325723,1736,4853,0,2010-01-01,"09003"
1018,345285,1737,5087,0,2011-01-01,"09003"
1066,363361,2145,3016,4452,2012-01-01,"09003"
1283,375701,2145,3071,6936,2013-01-01,"09003"
442,228003,1028,6832,7431,2003-01-01,"09007"
1264,258906,1140,6881,7633,2004-01-01,"09007"
1301,227726,4680,7242,6451,2005-01-01,"09007"
1085,276701,4752,8072,8551,2006-01-01,"09007"
1056,323057,4737,9420,11657,2007-01-01,"09007"
854,333522,4389,8958,14409,2008-01-01,"09007"
1237,357745,4321,9768,15288,2009-01-01,"09007"
939,386687,4343,10439,0,2010-01-01,"09007"
1032,414170,4770,11025,0,2011-01-01,"09007"
1128,438975,7649,7005,8670,2012-01-01,"09007"
929,456230,7501,7180,13044,2013-01-01,"09007"
398,166366,1449,3508,5005,2003-01-01,"09010"
1034,189574,1607,3533,5141,2004-01-01,"09010"
1130,119857,2088,4269,4344,2005-01-01,"09010"
849,149365,2137,4749,5759,2006-01-01,"09010"
893,174021,2125,5433,7851,2007-01-01,"09010"
899,183874,1977,5255,9704,2008-01-01,"09010"
921,200984,1922,5816,10296,2009-01-01,"09010"
805,220377,1926,6435,0,2010-01-01,"09010"
863,240100,1933,6828,0,2011-01-01,"09010"
919,260131,2571,4970,4084,2012-01-01,"09010"
1079,276831,2571,5088,6503,2013-01-01,"09010"
483,118112,447,2930,4719,2003-01-01,"09017"
1244,133983,495,2953,4847,2004-01-01,"09017"
1296,128013,1002,2825,4096,2005-01-01,"09017"
1215,145455,1010,3050,5430,2006-01-01,"09017"
1136,161515,1006,3543,7402,2007-01-01,"09017"
1154,161568,924,3342,9150,2008-01-01,"09017"
1119,170238,914,3605,9708,2009-01-01,"09017"
1144,178640,917,3818,0,2010-01-01,"09017"
1190,188305,915,4001,0,2011-01-01,"09017"
1107,196595,1293,2623,2915,2012-01-01,"09017"
1095,201067,1287,2771,4516,2013-01-01,"09017"
752,115924,8823,25155,519,2003-01-01,"15033"
1852,108990,1240,25430,418,2004-01-01,"15033"
1562,126600,4016,26978,735,2005-01-01,"15033"
1486,188047,15308,38098,1774,2006-01-01,"15033"
1403,192790,15445,38962,2327,2007-01-01,"15033"
1446,243157,6746,47437,5856,2008-01-01,"15033"
1318,276956,6862,57453,8025,2009-01-01,"15033"
1243,299561,1447,66312,10032,2010-01-01,"15033"
1399,357729,2008,78268,13856,2011-01-01,"15033"
1513,415336,2100,91441,18648,2012-01-01,"15033"
1487,467800,2152,104084,24887,2013-01-01,"15033"
551,90166,5889,15573,706,2003-01-01,"15104"
1313,83452,68,14626,515,2004-01-01,"15104"
1379,104313,242,17741,1008,2005-01-01,"15104"
1155,143057,4299,24739,1929,2006-01-01,"15104"
1157,147057,3673,25262,2276,2007-01-01,"15104"
1066,168452,4403,29641,4086,2008-01-01,"15104"
1083,185178,4435,34117,5053,2009-01-01,"15104"
955,198451,813,37794,5975,2010-01-01,"15104"
1265,231227,846,43155,8125,2011-01-01,"15104"
1036,260324,885,48440,10984,2012-01-01,"15104"
1188,288860,949,52986,14978,2013-01-01,"15104"
